-4.268312460154591315e-03
-4.435886129560177166e-02
-2.339854006006849285e-01
3.263704192848616500e-03
-7.685051258585908580e-04
3.399224703415006099e-02
2.581667796280079797e-03
-2.278943205888809762e-03
-2.834566073363076200e-01
-2.074255493512705203e-02
5.855197688695103252e-04
4.448046475935436015e-04
-2.492065807957885505e-04
-9.302491752383114550e-05
-1.172864225195653382e-03
1.973038917592886098e-03
6.104428048043784080e-04
1.449736013625121611e+00
2.368406694587209316e+00
7.030886823977212652e-01
1.323303455941637674e+00
5.204291553207071042e-01
9.187481440885413297e-01
